20
0 FBB 83 10 62 155 51.666668
1 XXE 54 58 58 170 56.666668
2 SEZ 46 35 32 113 37.666668
3 MRO 48 98 9 155 51.666668
4 LBS 70 55 27 152 50.666668
5 WEF 31 82 10 123 41.000000
6 MXN 65 17 4 86 28.666666
7 JSU 98 13 13 124 41.333332
8 HCU 18 87 91 196 65.333336
9 NBD 57 35 11 103 34.333332
10 HGP 9 44 93 146 48.666668
11 FGZ 43 49 63 155 51.666668
12 ERH 50 61 66 177 59.000000
13 XHT 50 54 81 185 61.666668
14 JDG 70 7 17 94 31.333334
15 QNZ 70 45 67 182 60.666668
16 AUB 72 91 55 218 72.666664
17 XKO 76 89 42 207 69.000000
18 AHH 96 60 95 251 83.666664
19 TBY 32 65 56 153 51.000000